(500,)
piCurrent:  [ 0.5  0.5]
sigmaCurrent:  [ 0.68258234  0.68258234]
r0:  351.414399049
r1:  148.585600951
F:  384.135831171
======================================
